14344
87230
14453
98950
12313
45870
28929
64707
7095
32360
27737
22703
22863
43880
31464
78724
85959
72523
52282
75449
56078
12446
34689
69199
79137
76869
33334
4505
28814
6506
27640
37882
39109
31229
68729
945
14162
43101
586
6283
53794
47844
1064
86187
73851
27241
76539
37103
98737
21425
41941
38435
28880
54343
99101
73832
41567
48065
36834
3239
67391
24661
59264
84870
14391
80543
37371
67974
69339
68205
56591
81387
55254
83857
99389
12504
33157
20433
17325
46318
7385
68798
20972
48515
87921
37227
82934
16531
25055
37316
15705
85151
79100
732
83291
29269
38884
21817
96768
13152
12220
78684
61361
18718
53118
81883
7036
7451
27878
90940
94210
32355
26255
3965
9783
29274
17054
59227
82441
25334
22940
53606
55993
80441
63680
71407
24853
91827
12441
93989
12218
79554
17291
89930
22142
55021
2294
35106
14956
84654
70125
87073
34064
14643
29820
1304
77345
32173
30895
78372
18253
74884
9477
33284
89099
27985
20205
83905
48767
40547
69379
64351
69681
56266
25254
17762
98187
49961
33105
70010
14018
17304
61723
74566
46854
51697
67066
67640
80910
83139
50973
25246
28595
19481
62282
50892
47267
61063
83834
93276
29394
69352
26568
47074
91506
3718
17226
8018
22667
70836
27382
79656
5150
32466
72974
77894
88352
14672
54246
91204
83588
75607
74870
54084
14080
44334
92020
69864
43263
37443
32389
31241
41795
26247
80121
87963
17949
22135
55518
38606
3037
26010
35755
44897
2517
69476
5929
8820
10828
92479
88180
84782
11587
60498
74743
80791
13888
54868
11373
2687
18052
12658
26476
91837
62400
91306
12476
92115
17390
87826
56242
77660
20878
61258
41311
36991
45912
3069
15065
51451
28211
21964
73024
99087
2388
67087
84825
60452
30213
26968
71641
36246
68864
56095
4643
55839
43854
67628
46654
768
62740
19722
29055
60926
41101
80089
55840
56333
75255
93112
33971
38826
81857
89774
74583
65735
45395
55443
13492
52761
30682
93841
70310
69316
70539
80571
72450
15010
21488
24601
27993
54404
38647
31669
59863
35354
29752
47795
30239
58245
56722
13302
66437
29332
19061
2109
98252
91656
91127
27026
51413
4364
60573
59829
47048
29026
44070
53292
55714
49071
43219
46215
50793
72863
27677
93274
60088
96889
46572
61856
77290
28220
22765
80108
15217
39299
36423
38606
88808
44337
89400
1335
42209
88498
4804
58611
81842
40330
94922
22436
5246
71964
79867
18715
8982
23923
62110
44028
20038
98613
42737
76616
46140
70963
32625
13539
52112
42978
40499
33902
80882
48122
94345
13846
23223
27366
21472
89065
93088
47344
99041
34618
84597
34922
69406
36357
30874
61350
95775
63382
674
33230
7433
64343
56694
84907
97406
54512
95808
52070
5703
57755
86229
68398
14305
84914
5798
17362
64841
73175
63589
86572
97424
5215
30507
55916
40058
57359
53375
21120
97767
12311
90410
34237
35148
34980
6882
82877
9450
47492
12795
43350
9751
62860
12679
95586
18950
65038
18626
11190
55406
610
80286
82352
34359
68078
86103
74646
92141
38339
25490
77420
99562
76567
91317
72635
13654
8203
93992
73389
69344
88718
47332
99473
57248
53293
11411
91932
64167
12401
17752
18584
56036
24188
59527
60697
92401
67876
75396
50587
67982
89427
67523
87046
18268
93135
22171
28053
93783
85016
43172
44251
13753
10365
54410
63432
34904
24508
27621
44295
75899
52358
26767
96335
78327
29522
80887
61093
93707
63708
35856
58792
12339
41247
47088
5705
95913
24844
97001
27928
46797
3988
39945
20052
46435
33615
47763
63997
29053
29644
91442
18712
16926
18951
34708
8250
20758
14624
98243
28992
77204
83153
77284
52274
58591
52111
11718
13148
30435
59649
93783
18881
35627
57650
83154
10745
84028
62617
85368
66809
65015
21068
9717
67337
5889
11690
80479
83180
55173
13393
15743
66978
42134
75198
67390
73235
22842
46419
61913
18895
76395
32076
54155
94777
68744
26692
27689
77665
46886
52013
23047
21640
95887
43484
94170
18135
55479
60338
55970
88650
84354
59595
8397
21025
39742
13868
71387
41305
28073
51902
58270
89747
72964
6659
52278
57748
42801
36352
95489
12828
97035
77495
2991
62706
67394
36641
20095
46635
6713
29980
21589
11706
31530
50472
68130
22125
71521
12574
97384
63767
74166
11154
34705
23922
57920
11189
68901
31295
23413
54082
79498
2149
61095
54779
22761
2838
32456
26278
87300
16449
57921
18813
74012
95400
91588
78780
84497
78568
13521
65548
38271
83837
13055
18515
56703
10901
80675
88111
83655
1659
45309
36294
15751
727
69536
5043
44303
87129
80309
24698
80539
21767
49423
9534
55196
881
71338
25528
24614
40046
37504
90149
31405
98153
77932
86227
76338
91544
20333
70989
84561
52667
82662
14682
75841
81473
14392
60024
63561
90642